8.58433734939759	20.818713450292396	6.041717046915542
10.00492853622474	16.332635357463356	8.651008276788227
7.039597737272156	20.235892691951896	7.879274408980872
4.242190512919398	17.080125463358996	7.391683644943665
4.661389621811785	17.844886753603294	4.710779066958498
10.82004555808656	21.38114209827357	8.636711695830172
7.876073161627472	21.608330922765404	8.105104652530658
10.778236914600551	24.74629195940671	11.582303013473355
7.207207207207207	19.53216374269006	5.779722986300525
7.977207977207977	19.34206518428267	8.583450070695838
15.518672199170124	17.134670487106018	7.981366880600008
9.571344685848503	12.383272431993504	7.341864852407709
12.659176029962547	21.804511278195488	7.389537275384662
9.371554575523705	18.15749235474006	7.826656114831835
10.150107219442459	20.489977728285076	7.261465856935142
9.457092819614711	16.843501326259947	6.422024483891315
15.843429636533084	14.577464788732394	6.340281798818806
6.057459328487366	21.07688576279408	9.78071921988442
13.788575180564674	13.034623217922606	8.063347931755466
11.981566820276496	21.390374331550802	5.641854983133774
5	14.244558258642764	7.519956236760813
5.617977528089887	22.704004817825957	5.324433323822242
10.273224043715846	18.566015738851647	9.824461491232926
9.245742092457421	21.83517417162277	5.21118654696479
37.519142419601835	34.40798311264632	29.47985629415953
8.30670926517572	18.30065359477124	4.679102833354514
18.374164810690424	12.663755458515283	6.3237727544379965
7.05028512182478	19.378280177634235	8.289993046453048
7.409381663113006	19.591002044989775	6.451164425607266
18.326693227091635	17.95275590551181	6.4517342087441225
15.168539325842698	16.842105263157894	5.6005161194685265
5.708390646492434	22.442748091603054	5.06224856820054
6.1387900355871885	18.804861580013505	7.203785867686394
6.605222734254992	18.07780320366133	4.209999191665504
15.14476614699332	15.986584684181107	8.012279719117412
8.548387096774194	22.427126710291493	5.5875609920621265
4.315196998123827	20.539419087136928	4.2252163267183676
3.508771929824561	22.168803418803417	5.3798298514038745
7.631389488840893	17.201401995146938	8.3767047380677
17.27493917274939	20.29294274300932	10.09720385102999
16.33605600933489	17.225747960108794	6.206692482172204
9.47653429602888	18.86904761904762	6.286735843650954
14.285714285714285	15.745998967475478	8.196728867652757
13.386613386613385	20.379656160458453	8.613928825598308
9.248269040553907	13.62342415616104	7.49634643879764
34.41278065630397	35.50488599348534	39.275837106115446
5.317809943360604	18.766310794780548	9.324982322623582
11.416666666666666	11.445459430413756	6.610648869613524
5.538461538461538	13.73574144486692	6.784230233376981
15.822130299896585	13.141891891891891	9.257961334364213
7.189216175736396	19.553072625698324	7.219401777809154
17.15686274509804	17.380224260958204	11.440952331836675
7.0766638584667225	13.217279174725983	5.9732621209667895
7.651991614255765	17.380288826957184	8.096779193155628
5.111821086261981	18.41326228537596	3.8012036429441456
6.047648136835675	22.66187050359712	6.253357877707684
6.3731656184486365	18.004338394793926	8.175889129617708
10.100376411543287	10.676965015901862	8.22301847092648
2.6986506746626686	21.76674364896074	4.6343742144265185
9.56175298804781	14.237599510104104	9.44857386141188
8.091603053435115	15.006075334143379	6.443593297835404
7.725788900979326	23.038461538461537	6.98270929916025
11.586096683979225	19.134918361501	9.915409507532583
3.508771929824561	14.533995416348358	9.88280098076317
8.757396449704142	18.496849684968495	5.570495330777172
5.619982158786797	17.05982905982906	7.528586288722137
5.614406779661017	19.936204146730464	4.281899597831601
5.827814569536424	20.242130750605327	6.98924243690745
20.510304219823354	18.48208011243851	8.400404070856272
5.68039950062422	11.482622085349758	5.98556324183978
9.217506631299734	18.421052631578945	7.0323831245989386
6.530408773678962	9.080370942812984	7.371977862516645
8.150851581508515	16.86390532544379	7.033631343414557
6.690349319123742	17.67485822306238	7.547624958456187
8.588957055214724	9.758064516129032	6.585346491258934
6.733794839521712	13.608428446005268	6.7802122605150545
12.437234453456933	6.774984671980381	9.991790193258636
8.776978417266188	14.86910994764398	5.588905292737429
11.441048034934498	15.130759651307596	7.192257008568275
5.234614477717519	12.376625411248629	12.366691016827755
12.380952380952381	17.34921816827997	6.252700321993141
12.433257055682684	16.216216216216218	7.962977311652289
4.124386252045826	17.363022266700025	8.325639129283658
7.234394377842084	17.219848833388106	8.66187944720576
15.731030228254165	10.18981018981019	10.820546744090198
24.25531914893617	9.959931310818545	11.41795764948299
16.246259085079092	16.579973992197658	10.45783739859458
4.301726749469858	16.632443531827516	8.05646608615773
10.38961038961039	8.996683250414595	7.6166181145120735
8.741830065359476	13.675742574257427	8.181609289775501
3.7347070186735354	17.013049782503625	5.691139614280004
7.8191238813000465	15.779679940454038	5.660593918180511
4.688644688644689	22.504047490555855	5.4462962740793825
7.98542080848244	11.770381090207428	9.699352456233632
3.567984570877531	18.646561235748436	5.883706778194584
9.125964010282777	10.113421550094518	8.29372596689375
4.066811909949164	16.61596958174905	10.188709973293978
20.368303571428573	15.654405474764758	10.667246950928986
6.436420722135009	7.872478854912167	6.493159114202855
10.26615969581749	18.59504132231405	6.833287569274043
9.54653937947494	21.478382147838214	8.801461496896394
12.623097582811102	19.291415222892738	10.44304163214629
14.516129032258066	11.799065420560748	11.257674189111862
8.81542699724518	23.015873015873016	2.0155644370746373
8.45771144278607	16.203703703703702	5.174014959703781
10.225563909774436	14.672036823935558	6.64456366294504
10.089020771513352	20.13888888888889	9.021399305178651
17.36810906935388	11.891460494812451	10.409493540742483
10.437601296596434	11.507628652702353	9.573001825882285
7.951070336391437	17.941810344827587	5.037793433303662
8.926261319534282	10.151663405088062	10.151608188680385
15.228426395939088	10.622406639004149	9.770139729023642
9.225456339417859	9.850020267531415	7.44830020627485
8.731019522776574	13.949649195212546	8.380242543005565
7.038345105953582	15.853881278538811	10.186579040343183
3.729951510630362	22.592650836085337	15.617920428953422
10.530749789385004	13.160987074030553	5.713210224827326
15.360983102918588	18.40277777777778	4.9721917939194755
12.88056206088993	12.992831541218639	6.378887546246584
5.263157894736842	20.114942528735632	5.932514909455147
10.85212074894918	14.011461318051577	9.902243547916585
10.626398210290827	20.733788395904437	5.099370385699376
12.911725955204217	17.131272174353775	9.206702527922422
11.206896551724139	15.43450064850843	6.923938993934782
35.35714285714286	0.19801980198019803	6.618282758137995
12.525879917184266	12.977099236641221	7.082456601124404
16.013986013986013	22.460438999489536	7.7722213385373875
15.789473684210526	0.8333333333333334	1.0606601717798212
11.866452131938859	16.458072590738425	9.799823218566877
8.85286783042394	20.255653883972467	8.148692249932315
16.30901287553648	18.29971181556196	6.521991950832749
10.324349017816354	15.935508061492312	8.223650130294555
8.467966573816156	21.061571125265395	7.0654302931426916
6.623702112423917	15.722575297043381	7.573182783357629
12.935064935064936	23.407521105141978	8.4704473393646
5.716523101018011	20.871700429711478	6.400081375562514
4.772117962466488	21.146807645384303	5.955358536742301
10.615711252653929	17.109929078014186	5.771250462341811
3.4267912772585665	24.956572090330052	5.708200447511246
13.773314203730273	19.15509259259259	7.761946244089791
11.796610169491526	17.229394240317774	7.162752945734471
2.9450091217096688	20.77174121712421	9.975136762315344
10.77981651376147	19.66996699669967	8.885532950688642
12.521150592216582	14.37049597286986	7.723574787884037
9.89010989010989	21.49532710280374	4.765220283195148
11.196319018404909	19.843656043295248	7.2835830544296005
5.535390199637023	13.26056195674146	10.125424772035553
12.958626073380172	15.995329830706362	7.472988908652393
8.321678321678322	15.50406115623507	9.705920855385882
3.571428571428571	18.955650929899857	5.7999527928740315
5.867665418227216	13.805004314063849	6.699162577076618
5.6939501779359425	18.663136995367307	4.775731892969593
11.869085173501578	18.142008132624333	9.17975364758875
5.204872646733112	17.145343777197564	3.8734726014423666
10.954263128176171	18.04168475900999	11.921067894500675
13.194444444444445	23.14112291350531	6.135529853384521
6.24505928853755	15.503875968992247	5.95341755534686
12.08133971291866	14.78472786352559	5.772941619508863
9.592641261498029	17.0061099796334	4.733472678169509
7.431796801505174	16.502463054187192	9.027247883456708
9.03903903903904	7.6783867631851095	16.345636955064094
7.30207532667179	16.64691943127962	5.994733424467253
14.852255054432348	18.094667465548234	7.772154729994646
8.619344773790951	17.86130536130536	9.03045557439694
13.81118881118881	19.401041666666664	4.6509139695120645
6.8879668049792535	23.497267759562842	5.746663291630605
5.286024619840695	24.098360655737704	7.901176674114523
13.285340314136127	16.944865958523014	10.255038837539976
7.984790874524715	12.850586435492096	5.736764557901253
6.227106227106227	15.060240963855422	5.1885548345418
7.354758961681088	14.037698412698413	6.595119617847651
16.517857142857142	17.99307958477509	2.7478021520238074
16.56324582338902	21.910112359550563	10.572988667953563
5.2264808362369335	11.677479147358666	3.9601231284725733
11.047070124879923	20.720058780308598	6.106071967025886
10.34928848641656	17.680608365019012	5.103991557676159
3.2067510548523206	11.633663366336634	8.117283285966595
11.826086956521738	22.769640479360852	4.622031304263687
15.587967183226983	9.083728278041074	8.297543817813978
15.166461159062885	20.411985018726593	6.969385649174313
9.93747943402435	0.03171582619727244	10.62081301771659
11.05795768169273	21.275370663595798	13.654655882305187
5.6674123788217745	17.074592074592072	5.810354977787084
13.34828939988783	17.965367965367964	9.256518642838282
3.9226519337016574	21.052631578947366	6.740303086805662
11.67076167076167	15.810995002271694	7.115483042143145
4.594330400782014	18.978630930822167	6.570887898084294
10.623781676413255	17.598187311178247	6.051441790626607
12.341561040693797	18.548799182422073	10.265573736153923
8.87690044139284	17.647058823529413	8.523772267308857
17.73955773955774	8.906741180579811	12.529745687320814
7.587822014051522	15.409367179120487	8.882391325632524
16.226071103008206	14.924346629986246	6.893698917230152
11.509303928325293	12.777191129883844	10.184582241848084
17.79835390946502	8.50185720181593	16.541379860272034
10.659676714722586	17.981520966595593	8.716164410619978
5.670103092783505	17.746325530756668	5.673360761245061
8.971109984794728	10.651110274745953	9.511190447838837
8.428390367553867	15.88235294117647	5.696460448903402
7.195845697329377	15.077098800685324	5.651144998758098
11.560693641618498	17.741496598639454	11.273425057677118
6.5643197458973	13.793103448275861	7.055810801104553
7.231772377000594	14.65798045602606	6.315922279182814
13.585554600171971	11.696264543784446	7.448540372710936
11.800373134328359	12.153518123667377	10.290988295155497
7.390300230946882	19.009135628952915	7.623179927394
5.88235294117647	18.099395567494962	7.426065041590222
20.08577555396712	14.077425842131724	10.359777837681772
12.435233160621761	15.484968803176406	7.060176721951404
10.670136629798309	12.880143112701253	8.970854583564345
7.060669456066945	13.355530891601925	5.001807283484986
18.65671641791045	17.445054945054945	5.076190313579763
15.4126213592233	17.54051477597712	5.942162324739561
3.286978508217446	16.200578592092572	4.19165763035362
8.999122036874452	12.354383813611282	8.105998719315659
5.994897959183673	18.555454820187368	7.496539398212585
6.873614190687362	15.52471812662619	4.048623022297619
22.81150159744409	12.87172658677319	8.90243337999948
17.633042096902305	19.872537659327925	8.389144397502848
19.60950764006791	20.334928229665074	8.164098435682618
10.53897978825794	15.797049298308744	8.938171553276606
4.163568773234201	20.356943669827103	4.906490888884908
11.538461538461538	17.184643510054844	9.892174075231239
4.094488188976378	11.115095016134816	6.716798047067096
9.691876750700281	14.200239329876347	7.377329252998527
9.090909090909092	19.451629591308848	7.247654561968715
17.740652346857598	11.985688729874775	7.690246670370061
10.87431693989071	18.320926385442515	8.32578141587943
10.794896957801766	16.875460574797348	5.985886151775878
5.860579888957433	18.372093023255815	4.832448293518256
12.545235223160434	13.796133567662567	8.681455533313018
7.133995037220843	13.349814585908529	4.571315543825622
12.711022840119165	11.6751269035533	7.5897300396399014
3.219871205151794	17.59095725891911	5.409400884508267
4.9397590361445785	13.59773371104816	4.145075137286847
2.761627906976744	23.982398239823983	4.865968212345661
6.233766233766234	18.787878787878785	1.4142135623730951
15.10892480674631	16.47509578544061	7.083203275869243
5.762081784386617	16.030534351145036	7.3450696399332065
9.280500521376434	15.532544378698224	6.082354554679214
23.504867872044507	10.23087369850611	12.038959823090108
9.883268482490273	17.540687160940323	6.934044617007702
15.784586815227483	17.496635262449526	7.720973745662701
17.902010050251256	17.21556886227545	8.055029429409622
13.117170228445099	15.349369988545247	7.960705590441221
9.253547193090684	20.795660036166367	7.417232688540551
3.2056990204808544	12.788398154251812	5.037327815847181
11.409395973154362	17.13450292397661	7.096399436854965
13.854989231873654	13.21257325519446	7.353902335056735
18.077956989247312	13.803680981595093	8.927544810984918
19.21119592875318	15.879017013232513	8.079106665761447
6.764374295377677	9.917355371900827	4.9270700107791505
6.841686555290375	19.710669077757686	4.9514410202980805
7.750759878419452	9.001956947162427	5.80906792607854
7.97514241325738	14.659890539483971	7.529098201494573
9.44558521560575	9.209383145091225	5.456052978015961
4.604380867232901	21.985343104596936	7.185674143535445
5.9960026648900735	18.53932584269663	5.067283431544105
12.984913793103448	18.73198847262248	8.650783628617367
7.099035933391762	8.931185944363104	6.037232454138837
10.285714285714285	16.610738255033556	4.6421660057637695
2.881844380403458	16.26534466477809	6.614953956453772
8.928571428571429	0.1669449081803005	5.04787853866826
16.681222707423583	9.902280130293159	7.143516046716684
5.178365937859609	17.548278757346765	3.876293155613004
10.97334159950403	14.331355545413055	7.383509001503032
18.57485988791033	14.71861471861472	9.355046999980203
9.284731774415405	18.859429714857427	7.1110682792050754
5.167724388032639	16.58119658119658	8.144328794737806
15.201005025125628	14.814814814814813	6.452142812297976
3.616636528028933	16.091954022988507	6.7533946022321665
3.8636909047276213	15.967473664756977	8.398078253293875
7.401924500370097	17.260894170911147	5.875304292763637
8.944050433412135	19.96331397126261	9.41694646624697
7.941760423560557	17.897310513447433	6.786712612090789
13.157894736842104	20.996884735202492	7.818032183090996
11.847133757961783	15.012345679012345	6.375635790996952
11.11111111111111	17.575156921043938	8.915054712007137
20.98027495517035	14.14611447184737	10.590486004912634
9.801563439567047	14.784205693296604	6.3307458605427405
6.489881367759945	21.520951888256594	6.263863795948831
12.223725755525484	14.500170590242236	9.524059065551784
7.339449541284404	19.428801287208366	8.575659145001667
6.45956607495069	19.481022463206816	8.151744851024683
10.644460535843592	21.80821917808219	7.141851459090693
4.450261780104712	13.669950738916256	4.931673082517947
7.462686567164178	18.288590604026847	6.179303390502096
7.984686901832102	19.09017059301381	11.356961368769273
11.665182546749778	19.469026548672566	6.632233212975475
6.693440428380187	13.333333333333334	6.202830017005697
8.281829419035846	20.274240940254654	6.458313719964735
7.442258340461934	18.081659105638366	6.059228427171852
10.757575757575758	20.89715536105033	7.077229669469787
8.053691275167784	14.26086956521739	6.729801205604176
9.28246013667426	18.540024885939445	8.483027988874259
7.522935779816514	19.07356948228883	6.521149944444638
8.970588235294118	15.60993696700037	7.142364622050384
9.640831758034027	17.758369723435223	3.563952219224939
14.380825565912117	15.739419876367094	8.215106464222188
5.8907026259758695	16.105499438832773	4.329997269444249
5.910619894281596	15.6644963615473	7.596367487237556
16.15598885793872	15.10892480674631	8.21534997422606
8.142201834862385	24.85080988917306	8.474340108226443
14.844649021864212	18.334735071488645	6.305542334182871
7.509062661833248	14.29126213592233	6.531890971990559
6.379928315412187	14.660246120920279	4.645666318554434
7.898009950248756	15.387858347386171	6.8116365278686395
9.020501138952163	0.24600246002460024	8.219566752628275
8.988057825267127	18.177613320999075	7.298015618433929
8.190476190476192	20.63953488372093	3.671463334232449
15.919085312225153	14.267185473411153	7.597683028177246
9.814323607427056	20.969337289812067	7.1514814157997515
15.855083755356446	15.521628498727736	10.856775482430903
3.159041394335512	15.313807531380752	4.5050959249606075
12.985571587125417	15.905245346869712	6.236418539110192
10.849598163030999	15.930814747382795	7.743362219416312
12.195121951219512	15.315315315315313	7.220896504372
7.302405498281788	17.491749174917494	5.2535141497349285
14.68978102189781	18.2	5.7070046077393455
9.149130832570906	18.295904887714663	6.601301399703799
10.27095148078135	15.362997658079625	6.310267624527171
9.592145015105741	12.814511410181392	6.654887825619405
10.978956999085087	20.882891125343093	10.466529644896376
16.298811544991512	18.417639429312583	10.056024972377152
11.54132539091586	16.41708264004437	6.959222531352166
15.575465196416264	17.395833333333332	9.038083713467797
12.671594508975712	17.217524980784013	6.2351381334529385
9.948246118458885	19.312744671596345	8.121460365274924
8.651551312649165	27.233491583944758	5.984079301634338
12.530315278900567	16.048632218844986	7.624764356263312
6.25	16.45653616456536	4.759073582327696
10.245554614733276	13.44590368980613	7.175160941769099
7.822410147991543	17.335984095427435	6.701485970464756
5.148514851485149	16.510596352883194	4.88049619678952
16.932422171602127	15.311510031678988	8.77640319084298
9.376609994848016	0.19569471624266144	7.222939784590098
6.973893859541611	14.407184484570553	16.61388097055506
13.148984198645596	13.556258472661545	5.352351645467512
9.195933456561923	13.410440762738357	8.446421710771157
5.542071197411003	17.383669885864794	6.834515346103528
6.4351547070441075	19.296628029504742	12.132767323602675
13.370332996972756	16.366366366366368	9.295262125818635
6.633499170812604	23.23825503355705	7.439828120884126
4.9156901971992	17.975487970948706	9.65169566760749
6.965840589417281	18.295218295218298	5.848974914516538
5.3869757927037165	13.704276146316333	8.225257911629665
8.818463658284534	17.669689475130532	8.690905160571996
7.948303715670437	17.29574773053034	8.819612814601578
10.135970333745364	13.552295918367346	8.571143039089018
8.960176991150442	15.222078482104356	7.504443173535299
8.879363135333742	15.80865603644647	7.067525894420914
6.837098692033294	12.033542976939202	6.464943495560446
8.627450980392156	17.575757575757574	5.040606491051926
13.769363166953527	18.59557867360208	5.364220921976247
10.3544127866574	18.522427440633248	7.399042880347934
10.364372469635628	21.929280397022332	9.13462760457624
9.398976982097187	14.85148514851485	7.743312511871216
7.804878048780488	18.097447795823665	13.888446430561123
12.538795779019244	11.89801699716714	7.9926375786657715
8.507089241034196	19.087673891944355	8.31149932128515
4.821428571428572	7.662337662337662	2.033965041600612
11.218836565096952	19.131334022750774	5.612509855267078
8.890925756186984	19.222462203023756	5.671571386649112
9.407337723424272	18.580962416578856	7.572387434746602
8.23045267489712	14.04320987654321	3.3729161890163453
15.715402658326818	19.197876732527277	12.802166792726505
16.006739679865206	18.8715953307393	7.624259440405735
7.425265188042431	17.609162491052256	5.750412762127609
8.209437621202326	11.341853035143771	7.6263119923073095
15.18288474810214	18.599791013584117	8.704432228324567
4.322655345426477	11.57796451914099	7.85020830345442
3.0585795749092792	16.126482213438738	6.133500968641855
5.07900677200903	13.983050847457626	3.3628753375015674
6.95364238410596	21.19289340101523	4.59863236710999
5.957446808510639	17.887205387205388	5.25478455264657
11.29032258064516	19.955323901712585	5.862496678270737
13.460980562808238	16.496405599697315	14.60211671938392
12.213740458015266	20.821661998132587	5.873255467357592
8.47953216374269	12.776991984912778	8.429494240307948
10.64516129032258	16.666666666666664	6.137168166658915
8.598510494245092	16.01063829787234	7.0546319219158145
13.801756587202007	12.84313725490196	5.820647319962096
23.44322344322344	17.257248044178557	10.360633062377847
5.630026809651475	14.351464435146443	6.342125343269581
11.642411642411643	15.786694825765576	7.196323595362294
18.794835007173603	11.462450592885375	8.594273989986108
5.0711743772241995	12.508101101749839	5.187338607515015
7.655502392344498	22.90909090909091	2.1213203435596424
10.185185185185185	23.03299492385787	7.314182580696071
12.716763005780345	16.03194103194103	7.305049450957639
5.930470347648262	20.374707259953162	5.823795147085417
9.062003179650238	21.463414634146343	5.503531230509548
11.958310477235326	14.882102821801313	7.645372067510276
6.157635467980295	14.422638064810588	5.970809912893892
4.9365303244005645	15.799396681749622	6.399066109870002
11.130284728213978	18.779342723004692	6.7595627096623705
4.424157303370786	16.69291338582677	4.801906238609468
12.80148423005566	12.896253602305475	7.57985999538862
4.472573839662447	17.782909930715935	7.798089636815982
8.734309623430962	15.83531274742676	5.623364619689898
4.159733777038269	17.223650385604113	1.9507240880632153
7.975077881619938	21.44808743169399	6.614583363506873
11.058946270213877	14.439058171745152	9.24026606375331
9.220985691573928	19.81366459627329	6.417071695982339
11.583206879109763	19.026870007262165	7.951467684354747
6.8284424379232505	16.103896103896105	4.315791473231666
11.206896551724139	18.6046511627907	5.429077281641472
11.733716475095786	17.00729927007299	9.602942783203563
11.218424962852898	16.991643454038996	7.472434579508131
16.223977027997126	14.8542600896861	6.897571396050911
18.155825589706932	14.261838440111422	8.345527306762342
15.162454873646208	12.84355179704017	7.616658751213301
12.096263457884737	20.333333333333332	7.633114259213606
5.355303810504634	19.795758051846033	4.994355127220804
9.357097390197326	17.429837518463813	8.323044593112376
8.353569694026227	17.618332081142	8.91992901191558
7.526218383713756	15.380952380952381	6.78437041642662
11.225444340505145	19.563636363636363	7.582263241286904
3.4461152882205512	15.792031098153547	8.472863200142923
6.380575945793337	14.280185758513934	6.60704957486395
7.673860911270983	19.594594594594593	3.9779078806564576
17.164876226062585	19.57189081556459	24.81119768363808
10.466988727858293	19.227707006369428	8.45052225223365
12.13953488372093	20.06554989075018	8.957449473388932
7.432057681641709	18.920032976092333	7.285840826814252
10.728346456692913	9.334144116752812	6.129041459206773
19.34426229508197	11.6254036598493	10.667346241320221
5.603079555175364	19.610753752267854	8.467617457864465
16.338259441707716	19.598295800365186	7.125527139623666
8.632640201638312	19.230769230769234	8.3932522708063
14.667365112624411	21.561338289962826	9.619176574776674
14.285714285714285	15.299999999999999	6.42451823653867
15.162454873646208	12.84355179704017	7.616658751213301
6.219709208400646	18.204411307859584	8.997043046927557
7.978170478170478	17.86922209695603	11.953537403258464
5.878378378378379	15.485168426344897	6.309165415092418
12.1285140562249	18.3206106870229	6.653228766522192
13.660017346053774	19.710327455919398	10.286270448501035
5.837320574162679	21.8104062722737	3.7888585966024104
11.311914323962517	17.482885729331226	7.58787085814698
15.858453473132371	18.329938900203665	6.045622020954551
8.225352112676056	10.399032648125756	7.043448983805845
4.755341144038594	17.119565217391305	6.560772229221556
14.799154334038056	18.56925418569254	4.703223811664514
7.157464212678937	15.216201423097974	6.729271445804483
12.060828526481385	15.293152931529317	8.944365842690495
7.6923076923076925	15.136986301369863	6.105496683805919
5.250913924891991	16.75977653631285	7.935977846376889
10.548302872062663	19.494163424124515	8.750264975615034
5.385190725504862	17.824933687002652	6.332064619333133
8.9	13.182140326009922	7.6344218864527305
8.545680546923554	18.190255220417633	9.463824342110556
8.423326133909287	16.314779270633398	8.855415362573657
16.944655041698255	18.281430219146483	13.385498860211802
6.453488372093023	18.278615794143743	6.993605811566554
4.185110663983903	19.324034334763947	9.241885437503763
6.519065190651907	17.822717822717824	12.179802426713735
7.9200592153960025	18.212104386451973	6.303194366564015
11.481056257175661	18.524871355060036	6.139119544904847
5.62200956937799	19.643899591360185	7.260470467849669
12.087912087912088	21.944444444444443	2.508651696296904
5.394816154309826	16.040430674577017	8.504857564762185
7.454289732770746	17.853231106243154	7.106715510822088
12.731925783749201	13.525609149676779	8.754134016003247
10.278745644599303	13.97804054054054	7.1384009998846905
18.047079337401918	17.8714859437751	8.385592284273498
7.488372093023256	13.743093922651934	7.358807026417273
13.605898123324398	2.631578947368421	9.090529539621302
15.162454873646208	12.84355179704017	7.616658751213301
14.285714285714285	15.299999999999999	6.42451823653867
7.978170478170478	17.86922209695603	11.953537403258464
6.219709208400646	18.204411307859584	8.997043046927557
12.1285140562249	18.3206106870229	6.653228766522192
5.878378378378379	15.485168426344897	6.309165415092418
13.660017346053774	19.710327455919398	10.286270448501035
5.837320574162679	21.8104062722737	3.7888585966024104
11.988950276243093	16.974645466265578	11.89542281417418
15.858453473132371	18.329938900203665	6.045622020954551
8.225352112676056	10.399032648125756	7.043448983805845
4.755341144038594	17.119565217391305	6.560772229221556
14.799154334038056	18.56925418569254	4.703223811664514
12.060828526481385	15.293152931529317	8.944365842690495
7.157464212678937	15.216201423097974	6.729271445804483
7.6923076923076925	15.136986301369863	6.105496683805919
5.250913924891991	16.75977653631285	7.935977846376889
5.385190725504862	17.824933687002652	6.332064619333133
16.066725197541704	16.916354556803995	6.646005962048998
10.548302872062663	19.494163424124515	8.750264975615034
8.545680546923554	18.190255220417633	9.463824342110556
8.423326133909287	16.314779270633398	8.855415362573657
16.944655041698255	18.281430219146483	13.385498860211802
6.453488372093023	18.278615794143743	6.993605811566554
4.185110663983903	19.324034334763947	9.241885437503763
6.519065190651907	17.822717822717824	12.179802426713735
7.9200592153960025	18.212104386451973	6.303194366564015
5.62200956937799	19.643899591360185	7.260470467849669
6.986444212721585	14.8859543817527	7.581690805909853
12.087912087912088	21.944444444444443	2.508651696296904
5.394816154309826	16.040430674577017	8.504857564762185
7.454289732770746	17.853231106243154	7.106715510822088
12.731925783749201	13.525609149676779	8.754134016003247
10.278745644599303	13.97804054054054	7.1384009998846905
18.047079337401918	17.8714859437751	8.385592284273498
13.605898123324398	2.631578947368421	9.090529539621302
13.159420289855072	14.24	7.882204735372197
14.285714285714285	15.299999999999999	6.42451823653867
7.288503253796096	12.657064051486364	7.826567863197694
8.957528957528957	13.238770685579196	6.2410783070549565
8.279569892473118	22.27396197128444	7.389020595746418
10.211267605633804	15.659340659340659	2.560129021945087
9.631728045325778	13.846838824577027	7.939984428545687
9.89103101424979	17.34489659773182	4.306485999644266
10.58700209643606	14.941569282136896	5.465566991042137
12.919896640826872	20.14874915483435	7.350007502903173
6.713780918727916	16.355140186915886	4.810145319574528
9.105603448275861	24.12121212121212	8.46246836253187
19.069767441860467	23.157894736842106	2.1213203435596424
12.819534528805798	18.9873417721519	9.940841771534478
7.268877911079747	17.37012987012987	7.060622466452538
7.88787483702738	19.928644240570843	7.084763323351565
6.388206388206388	19.063545150501675	6.373802273408608
12.676056338028168	9.89247311827957	3.0054076087479036
4.344569288389513	21.283783783783782	4.391328914986464
18.25585341024771	13.988304093567253	15.033110540197008
17.67317939609236	10.229322339603195	10.876845280047839
4.620811287477954	18.998682476943348	8.693996910327478
10.319148936170212	14.516129032258066	5.454904977218087
13.109756097560975	18.88992537313433	8.007202807646419
13.869221157850895	20.643517043644472	12.021650036164502
11.505273250239693	15.913902611150318	8.322311199819097
13.46938775510204	21.875	3.5600015605489714
9.67741935483871	19.973009446693656	4.481029371164196
7.535641547861507	14.243469689502216	6.662995889967794
15.102827763496144	18.373205741626794	7.43624481336155
7.421543681085666	14.983318168031543	8.359051303796313
12.414733969986358	17.442482611021937	7.120930319900564
16.900093370681606	12.980420594633793	7.211457644544483
13.908450704225354	17.016949152542374	7.554175796575871
7.488372093023256	13.743093922651934	7.358807026417273
6.647090229578216	22.87319422150883	8.21330188825031
4.037800687285223	17.037037037037038	4.477340822166127
10.904255319148938	11.903137789904502	7.905324503008888
8.150470219435736	16.73716012084592	6.835785708993545
8.860759493670885	15.911872705018359	4.656020990819675
12.968591691995949	17.196969696969695	6.383870353040855
7.0106561974200785	17.993973310374518	6.696367895235492
11.56015037593985	10.857142857142858	5.514758916337559
10.69364161849711	13.764337851929092	7.912162556376712
16	20.25691699604743	6.542054265201856
6.024096385542169	22.725036891293655	7.718576383260104
8.143861099627946	18.51037083595223	8.217026141179112
7.89873417721519	19.025700038358266	6.787278290528029
4.548450889914305	19.059785385794584	5.7639031924983515
3.3421750663129974	16.234033786567778	5.939791537811335
17.77777777777778	15.032679738562091	2.4056261216234405
21.39917695473251	15.337423312883436	2.7351239053793845
10.633802816901408	14.471544715447154	6.912448619752699
9.329098848749503	18.12391430225825	9.78927759019159
16.544117647058822	20.084865629420083	7.209378875327748
5.787619526925012	12.582524271844662	6.9475546710582385
17.93594306049822	21.114519427402865	7.096329146221738
9.043250327653997	22.865853658536587	4.670869503128271
8.62190812720848	15.904255319148936	6.01938045264604
6.094276094276094	20.1313462995706	7.637725883081795
24.687199230028874	10.408226861950762	15.479253264004203
13.787878787878787	21.7584041374215	9.142583052670014
7.378904481665913	17.54855994641661	8.735165966613113
28.687782805429862	21.26358695652174	10.840620457555696
12.809667673716014	17.772727272727273	6.754565655506095
4.62962962962963	14.606155451225874	5.963587255552629
6.084017382906808	11.809713905522289	8.326234528405852
9.450171821305842	13.847541723049165	7.429717180858951
6.049822064056939	11.050477489768076	6.153853145198448
9.012567324955116	22.317006053935057	11.464185179670137
9.217171717171716	20.72999532054282	6.862891654295654
16.43598615916955	14.766355140186915	9.459913591966744
15.293040293040294	16.56441717791411	7.875388910435196
9.454545454545455	20.165745856353592	3.4177154572894834
23.010752688172044	16.57848324514991	4.183881294422092
11.474584801207852	19.34124856376867	7.790585626580568
4.41712204007286	18.532423208191126	6.741981452842928
11.617161716171617	16.794282797345584	7.237946154399332
6.082148499210111	15.349105597230237	5.2413563713839935
5.617198335644938	24.59016393442623	5.171705117355426
16.015037593984964	14.278131634819532	8.214845250750447
6.930232558139535	15.833019932305378	5.593518393023122
10.934744268077601	14.22872340425532	3.7980602259037224
6.989247311827956	19.034482758620687	4.016739400279661
9.933333333333334	25.52260573650948	6.631374330505771
10.57347670250896	21.31837307152875	4.233078478013283
6.219709208400646	18.204411307859584	8.997043046927557
7.440476190476191	15.513307984790876	4.834944809437358
7.1477663230240545	23.061430010070495	5.689861336032622
6.5676309616888195	19.46386946386946	5.402468585751555
6.266490765171503	17.079087821445903	6.02855197037644
11.212814645308924	20.16891891891892	7.751458413940889
3.45489443378119	18.58974358974359	5.739006562776155
6.521739130434782	13.34175084175084	7.866408968290489
12.348178137651821	16.504096761607492	8.827223094271591
7.551020408163265	19.296875	4.858330569199653
20.424403183023873	15.277777777777779	10.914755816260785
9.496520671305772	17.272727272727273	8.170731625618854
11.476426799007445	18.132411067193676	7.852534359680894
7.775653282345443	18.613308515588646	6.620659003351922
6.596141879278158	16.71388101983003	4.589176690814529
13.42248637939574	15.234948604992656	9.652947923744613
12.447257383966246	15.589660743134088	8.989321071362019
18.379281537176272	12.810945273631841	8.401290479618647
13.085234093637455	19.887429643527206	6.354170720697633
4.128304128304128	21.359669269637116	8.337679249702248
3.722397476340694	15.27638190954774	7.043354432843952
10.429447852760736	18.04432855280313	9.762615047006094
16.35593220338983	20.142027114267268	7.836613288353592
14.66275659824047	12.375690607734807	6.3657792618337306
17.4364896073903	15.39906103286385	6.739760841170929
13.325471698113208	17.437722419928825	5.702811276612057
4.128304128304128	21.359669269637116	8.337679249702248
10.543840177580465	0.6	5.866076480620889
10.75268817204301	17.53707285622179	6.1139080604434435
19.166666666666668	20.43343653250774	1.4142135623730951
7.059942911512845	17.212173413723804	12.90519631138349
9.914841849148418	14.573991031390134	7.5037029294051
8.024691358024691	22.117329737019556	6.082607107528824
8.133971291866029	23.581429624170966	5.005520483922381
11.96043165467626	17.394270122783084	6.805483760469171
10.528735632183908	20.19704433497537	7.768919259857454
15.8123370981755	15.72112098427888	7.234210882810902
5.530187721968543	3.9377580184185454	6.901021733841234
10.304789550072568	23.10195227765727	4.240664937872947
10.78838174273859	14.790996784565916	2.1102428770167667
8.583690987124463	19.235461569743798	6.89920539911033
16.233766233766232	16.22047244094488	8.655671057709757
10.440340909090908	18.250950570342205	6.913377822877676
10.790051207022678	16.83115497465991	8.71946568362198
5.487411233053583	17.782426778242677	6.295829409467446
6.031273268801192	16.785290628707	5.524614963466744
5.580357142857143	17.274275979557068	7.512365258867747
13.604577240940877	11.705989110707804	8.950772832634572
11.245758603974794	21.205357142857142	8.805491140763424
7.8384798099762465	20.192887281494876	5.984406869116139
10.448678549477567	21.678657074340528	7.5209378479094715
10.287081339712918	20.852221214868543	4.9759898391551705
5.177578091570389	16.020671834625322	7.060947364584411
9.72927241962775	19.707565162110615	7.184942106690424
4.021447721179625	19.14257228315055	4.575219690287666
13.167835941716136	14.926022628372499	8.694686985555265
13.732767762460233	15.453074433656958	8.012797646772341
22.213561964146532	17.419738406658738	9.460575693547685
11.064425770308123	17.99193843898864	8.86801360585297
5.466237942122187	14.51209341117598	4.100054630285017
5.912786400591279	20.411663807890225	4.613713770941553
6.407322654462242	21.563342318059302	5.169320060516942
7.125777140124343	21.144278606965177	5.202859219696234
8.530805687203792	16.162134427911752	5.608264093819794
8.803088803088803	16.41708264004437	6.397429748269316
10.131795716639209	14.39441978440076	4.911342334029921
6.804536357571714	18.398727465535526	5.787521280607952
3.935105281325509	15.79637890317502	8.3909221445318
7.638072855464159	19.926873857404022	5.398570840079803
4.692931633835458	15.791795324217025	4.956721076844337
7.568807339449542	14.122137404580155	10.13015517310462
9.49238578680203	18.837753510140406	9.592889643773999
11.934766493699037	15.290697674418604	8.09534512293827
10.264900662251655	15.797593335390312	9.794966436006927
5.980066445182724	17.551755175517552	4.246308311016744
8.755760368663594	12.921348314606742	10.360607693731957
8.59375	17.517463729177862	7.06525576699683
10.53475935828877	16.052060737527114	8.145358561429669
13.468501086169443	8.584686774941995	7.481450952991919
13.79816513761468	23.78048780487805	9.87221707345241
8.731466227347612	12.640801001251564	5.946674931468381
5.805892547660312	20.77022933794894	8.533569627875108
18.874560375146544	16.150234741784036	7.373568659766281
15.570175438596493	7.311320754716981	7.798047494511074
5.656759348034516	13.273771537970644	4.8949356496615275
13.209802749551702	13.84143670608848	8.407069953235276
8.493475682087782	18.72751372846052	11.784270128290768
12.85878300803674	16.415986248388485	3.27899494826292
15.675165250236073	11.662011173184357	8.058198733438159
10.780370072405471	17.488494411571335	6.954799557865934
6.428571428571428	19.812206572769952	6.969020269801597
2.052980132450331	15.505846466700559	5.208078064120546
10.546875	18.635043562439495	7.492551205377465
3.9191919191919196	19.450515142054325	6.885346819653005
6.432084752175558	16.063799487325547	7.495272871822201
8.894009216589861	22.178711285154858	8.339778438616225
17.137096774193548	20.49306625577812	4.665791629623393
12.542955326460481	19.141914191419144	6.506341883546089
10.011441647597254	15.954773869346733	7.695475639988747
7.978170478170478	17.86922209695603	11.953537403258464
13.869625520110956	17.037438958220292	8.611777274391521
18.65524060646012	14.890646812470917	9.00791810413322
12.196639701306783	19.5807314897413	7.364935899915317
6.0409924487594395	11.466011466011466	4.490340401094103
8.92018779342723	16.093672147483808	6.54724389085362
3.800475059382423	23.98573339277753	7.870180117274465
14.226231783483692	15.831556503198293	7.399747063507299
5.6269637246501	16.794425087108014	11.93801214505977
12.333736396614269	17.22972972972973	8.645707083730962
5.70095168374817	23.158185458813783	13.450325745947374
7.3232323232323235	12.494300045599635	4.885478145735829
16.573556797020483	18.27637444279346	5.0805611025630375
7.970112079701121	16.38576779026217	3.055846045479298
11.486486486486488	15.365239294710328	2.5684084998734575
6.438213914849429	22.505800464037122	3.911839535172602
10.39738704409363	20.88686282635723	8.465807768172505
8.710407239819004	19.2	4.995744151907743
7.5685903500473035	18.242530755711776	7.702856045852316
7.8916021441334125	17.758985200845668	8.375811245207716
8.690744920993227	19.65811965811966	4.911523633683489
19.414204250907204	22.403219624377154	15.595402615318328
13.121743249644718	18.00450112528132	10.31430376723267
9.10789350770668	15.806805708013172	8.155527290367132
25.196850393700785	18.419243986254298	10.677966983639887
8.951798010711553	16.813639035861257	8.047383390395584
9.316770186335404	12.4853228962818	8.537817107653309
14.702581369248035	12.552653748946923	6.299066977001206
2.6785714285714284	11.362126245847175	4.806280919542948
9.443339960238568	16.341553183658448	7.268357279437761
11.123595505617978	15.332771693344565	5.8733009874048365
25.401730531520393	8.175473579262214	16.278053939887954
10.951374207188161	22.101217168481742	8.454348239808137
8.108108108108109	8.333333333333332	6.297132718863592
10.74489123269611	16.34517766497462	7.325377648646359
7.64872521246459	7.813733228097869	6.1257711513261155
4.128304128304128	21.359669269637116	8.337679249702248
10.790598290598291	12.45196003074558	5.516553687753802
13.282442748091603	17.05150976909414	7.5191047001869284
4.958677685950414	17.918313570487484	3.4901460601477416
9.935483870967742	17.5	4.736705661303335
11.336633663366337	17.20430107526882	8.38329763670833
10.053380782918149	17.569444444444443	5.8108209392282015
9.3841642228739	16.44766651563208	7.101572724317468
12.592250922509225	13.415468856947296	7.993260643656491
5.092186128182616	18.020728853226345	6.43738199002792
15.895610913404507	13.23529411764706	7.025970572614941
10.318275154004107	10.975925446544137	8.359787089612864
9.257003654080389	17.50236518448439	3.121112678925056
6.833435021354485	22.896198205894915	7.367970107849511
13.424540401881146	16.98556562604901	9.7380776344934
8.831646734130635	14.986559139784946	6.180178542406656
13.313432835820896	17.89137380191693	9.499889683781802
20.638820638820636	18.15693430656934	7.486132318522425
5.7871307163091865	19.078104993597954	7.634428540252008
4.605263157894736	19.089456869009584	4.129593595747461
12.427745664739884	9.932279909706546	5.788649228705715
10.092145677928917	12.700262161374889	9.023928069387113
5.583392984967788	17.0926517571885	4.156380624752168
9.711538461538462	14.359733530717985	5.833147043691291
9.61820851688693	17.349803481190342	6.642537454884264
5.836139169472503	15.114235500878733	3.3116356643409754
11.286681715575622	21.526586620926246	5.464866575496205
6.4575645756457565	19.039017341040463	6.947555524376005
7.262164124909224	14.261744966442953	5.7577175149435655
2.5653675382338434	16.417910447761194	5.998275128629014
7.350052005084942	22.857142857142858	13.58144015522779
6.928645294725956	16.87211093990755	7.3698419423544
9.985096870342772	13.677811550151976	8.475640776338976
9.412284577993814	14.904013961605584	9.20566064591781
11.947513812154696	8.705994291151283	9.774545565019732
2.995981001096091	18.748328430061516	7.056574039464119
5.890424384984808	21.257986005476116	13.445277341422207
10.386894388288601	19.030428055698813	10.642077763136463
9.504950495049505	15.445486518171162	8.110327805077771
17.285617825793384	12.681000438788942	10.518753502322182
11.512553582363747	21.04256336681014	7.287952929230746
11.896135265700483	17.357980162308387	7.700337530714654
13.137893593919653	20.115654688145394	8.523548736304836
10.523809523809524	16.5014164305949	8.102395097588156
21.040723981900452	18.388791593695274	3.6519047461898912
21.16182572614108	17.684377478191912	8.273450544146854
11.181102362204724	14.0153755174453	4.699108390374254
7.092651757188498	21.092636579572446	5.95105757460609
8.8348271446863	19.637610186092065	6.83367560241224
6.721162579473205	0.08156606851549755	7.244753267581481
8.122157244964262	16.742309631870903	5.1417865301169074
8.92978868438991	19.37682570593963	7.184475864147657
4.022716516800758	23.355025307302967	7.156961790224839
2.3904382470119523	16.311166875784192	4.5757259531274945
5.878378378378379	15.485168426344897	6.309165415092418
6.405693950177936	14.440677966101696	7.575565866837652
5.021698698078116	12.33705772811918	6.3518138572685645
5.716652858326429	13.64124597207304	4.916470105178142
19.43900848010437	20.24937655860349	10.586504402424222
8.72840053167922	20.95687331536388	8.580945831576983
6.300813008130081	17.304747320061256	5.940319713640637
13.647058823529413	16.79790026246719	9.171179796891613
13.358490566037737	22.696438665912947	9.898865811815503
10.112359550561797	16.039707419017766	7.356008495820564
17.76791968246556	0.7152393667747473	26.576356724256943
22.276422764227643	12.746858168761221	9.37010594816695
3.2860824742268044	19.545565599804544	11.129709244487913
12.8	12.947976878612716	5.225296258546495
15.211786372007365	19.436850738108255	11.618001620772585
14.91395793499044	12.953020134228188	7.372011876136495
17.31761238025055	16.550925925925927	8.980949803232567
10.01926782273603	18.354661791590495	8.38642789390184
9.56564177647633	17.59640584050917	6.304766564056218
6.343283582089552	14.454277286135694	0.3535533905932738
8.25242718446602	8.828671328671328	6.340012814753502
5.19409513395298	22.426912294753702	6.726458597798053
7.463465553235908	17.24960254372019	7.034451854214564
11.38121546961326	15.08588498879761	6.747764730024291
5.5876685934489405	15.616139585605234	10.056025757418418
4.741379310344827	18.057828696126567	5.581459841428542
11.804222648752399	15.495314591700135	10.266295104550162
7.418077061577241	21.467839472237493	8.425520474491055
10.775862068965516	14.384656366542355	6.447647973980993
7.697283311772315	20.586772749875685	7.191838572044406
23.295454545454543	21.875	3.191539742181809
13.8	19.053510671203217	10.458818104808644
16.204470198675498	17.515769044153323	15.473856921534852
5.061867266591676	15.947925142392188	6.026936153450755
11.066997518610421	16.831683168316832	8.351091988220707
4.334226988382484	17.533856022808266	7.171174095944402
10.057236304170074	17.547209845109272	10.526407338762532
9.424809424809425	18.677248677248677	5.574474360563953
23.863636363636363	9.43499725726824	9.433151282690787
13.296011196641008	18.629076838032063	5.813737698965576
9.485714285714286	15.670995670995671	5.068496376998592
9.542743538767395	17.074981440237565	6.1003616427157805
8.059701492537313	20.126874279123413	5.761142304963113
11.046770601336304	18.274111675126903	8.776744912404734
9.050911376492772	16.616915422885572	7.293900094166321
24.686192468619247	13.477366255144032	12.067907551695166
19.852941176470587	19.760479041916167	4.764981168922234
14.418604651162791	20.353982300884958	8.050554982165352
14.571005917159763	15.132275132275133	7.186202738100935
6.991051454138702	18.469431380932022	8.746325199404827
12.610229276895943	13.713509843856075	3.4363562684174025
18.058690744920995	16.275430359937403	4.140144550531869
10.242376856919469	17.430101130279596	6.330528500914417
8.536585365853659	16.604754829123326	7.897308909656934
2.935862691960253	13.988919667590027	7.0250565219996925
14.285714285714285	12.806539509536785	3.2095055578587064
7.042253521126761	11.96808510638298	6.867903139066939
10.265700483091788	15.499124343257442	5.695492955428974
11.33250311332503	18.364779874213834	9.260074370010518
11.389337641357027	16.331505179768435	6.981699384275498
12.31732776617954	17.765709852598913	6.6158143221303325
12.985938792390407	16.380368098159508	5.5015910862604605
20.253164556962027	22.295081967213115	3.396551157683901
9.304997128087306	15.032397408207343	7.227182215248533
11.753371868978805	15.707464186981653	11.318058317111365
19.689119170984455	12.414733969986358	5.1435042405737255
9.00131406044678	13.413506012950972	7.085886576231651
17.647058823529413	17.925925925925927	7.965789266173696
12.65474552957359	20.976116303219104	5.535470100322303
4.283054003724395	15.35077564250984	6.87574910445877
6.5543071161048685	19.825918762088975	5.649248991087702
7.12962962962963	17.011995637949838	8.217526748125119
2.3192360163710775	17.291666666666668	2.4831083571307775
9.159727479182438	13.195876288659795	6.535973302153917
3.0303030303030303	16.83402244536326	4.66652504578148
2.261640798226164	18.62940785096474	7.119330996882332
10.988372093023257	17.22334004024145	6.290103588034299
3.0131826741996233	22.733303847854934	4.901705966655952
12.537462537462538	12.346545071904595	9.290088175692562
15.43778801843318	17.215958369470947	8.620585298185347
9.940119760479043	17.474048442906575	5.5520658883230585
11.85617103984451	16.52173913043478	5.949275372815993
15.31962827372571	19.168026101141926	15.008418613257737
20.80706179066835	4.3821839080459775	7.1310838286423515
19.759450171821307	13.2334581772784	5.320534303333461
10.321969696969697	17.975504322766568	7.940596560183722
11.798839458413926	19.18194640338505	4.389325590375131
15.426356589147286	18.570591681312244	7.912405210882041
10.56563500533618	23.452768729641694	6.36793511776698
7.06896551724138	19.17808219178082	3.8705240249485353
12.1285140562249	18.3206106870229	6.653228766522192
9.009332376166547	21.431947069943288	8.856231330959234
7.276995305164319	13.866877971473851	4.823893205146753
13.920240782543267	16.666666666666664	7.257637485775177
6.633081444164568	15.26282457251425	4.92954294607754
13.082811412665274	16.544417277913613	10.424880297927517
9.84182776801406	17.91907514450867	4.1192519217148424
8.25840825840826	11.512513601741023	6.486385805969389
26.923076923076923	14.17910447761194	2.75
14.966401954795359	13.265776140027638	8.17151978131131
4.336989032901297	18.675851511672406	5.548862100778015
11.748381128584644	17.764471057884233	6.115007702089593
10.724233983286908	18.681318681318682	7.3611686228744375
8.615245827695084	16.69449081803005	7.796870084713334
11.494252873563218	19.11111111111111	0.9622504486493761
6.2580368624089155	13.017356475300401	7.291937856663019
3.214113098115031	18.2445024226612	8.660962538284688
6.097560975609756	18.649846573474257	6.7411873887609435
6.030150753768844	15.249837767683323	5.762268651876623
6.270627062706271	13.95498392282958	4.674262600938234
8.704188481675393	20.299625468164795	10.41761644235694
8.792569659442725	21.100917431192663	4.012268130323625
8.368200836820083	18.211920529801322	1.379633606755391
6.2248995983935735	20.527859237536656	3.5553685210918364
13.06970509383378	15.576245596376449	11.451842029114424
14.855072463768115	15.118174409127954	9.256146705924081
8.145454545454546	16.616616616616618	7.1250684300185085
6.442769019876628	18.13246471226927	6.53691057858823
8.921064922933208	19.50315164998146	6.880117046857004
6.748768472906404	12.334801762114537	7.55838312747106
14.332247557003258	22.755372387400648	9.842506682098977
7.66223612197029	18.176178660049626	5.169827044228378
3.895508707607699	18.1091414668057	7.436823428081245
10.820624546114741	14.262734584450401	7.4807609638744585
9.073724007561438	16.72491263105342	6.816604774896537
2.761692650334076	14.483870967741936	7.98028186468936
14.51776649746193	20.091324200913242	6.7654853841139415
11.76006314127861	15.555555555555555	7.468086949721974
10.317460317460316	21.005917159763314	2.1103799903580645
10.454323400097703	14.706927175843695	8.925004178336888
9.403437815975733	15.007716049382717	7.732763457800864
6.485355648535565	17.71428571428571	4.986636309630722
12.454212454212454	17.13961407491487	6.9261083410790745
8.762541806020067	13.622448979591836	6.31732199072377
14.688796680497926	17.033603707995365	5.9483335078076065
10.536912751677853	20.55785123966942	6.305379976786122
8.411214953271028	12.274368231046932	5.052038364237018
16.599190283400812	20.447284345047922	3.103910317528401
4.057879836426549	16.01851851851852	8.690934559299542
9.03010033444816	13.174858984689767	7.581392350333529
13.541106931757119	20.43318348998774	9.320809769786912
21.68141592920354	17.747440273037544	3.980792989843649
11.869031377899045	20.278637770897834	7.612932747166706
17.18181818181818	14.350400557297109	13.873852811626469
5.908798972382788	22.823529411764707	7.780039405510553
5.577409384658612	23.910130887354427	12.769051782348479
10	0.6637168141592921	9.619886092136122
13.833701250919795	16.396292004634994	7.305328975025712
9.97643362136685	18.7462326702833	6.772422260343587
6.277056277056277	18.080357142857142	7.696898568181073
7.626045097542438	17.542787286063568	8.688175753544272
19	15.054744525547445	9.1381599806481
9.373433583959901	17.155588562940956	8.07144636815459
16.523746701846967	16.280229369234604	12.939323945893232
10.293200249532127	12.606730286288299	8.052234160579294
7.662082514734774	11.5	3.1411913875683113
16.082949308755758	15.689910979228486	10.606237761034148
18.45697329376855	14.813205907906168	11.216718565841242
11.791590493601463	9.26791277258567	6.706992890643937
7.79423226812159	22.872032426172552	6.339806764104459
16.899720335597284	16.687116564417177	9.61384279196722
10.112359550561797	14.012738853503185	1.0606601717798212
11.24729632299928	15.98049837486457	7.853644162961953
9.876543209876543	15.785054575986566	5.742790899186453
9.324596774193548	18.5864896524795	8.045772722788552
4.283604135893649	17.4061433447099	3.418995742022026
16.317228805834095	19.444444444444446	6.849518766647054
13.211845102505695	15.72052401746725	6.919541485203816
4.81994459833795	17.42996887505558	6.138965687139608
13.019989195029712	20.7492795389049	7.858837061950076
5.061605061605062	26.646066080342283	8.733126077072827
8.61797162375197	20.422249289484366	7.177671827152292
15.972222222222221	22.429906542056074	5.692250905346077
19.47587849910661	15.863001351960342	9.74117017497383
9.233449477351916	13.484646194926569	6.216060864958298
14.465408805031446	14.741784037558686	5.7115551631309955
5.027932960893855	18.444165621079048	7.49679606646484
4.831358249772106	15.793010752688172	4.125192160559872
6.851549755301795	0.35842293906810035	4.667327739454372
7.027240426371891	17.31459330143541	7.221759934067203
6.340819022457067	19.54924056834885	5.849254749029623
4.29769392033543	16.730141458106637	7.404267257818898
3.6784741144414173	16.471375962504183	5.574627510328801
8.575380359612724	13.781841933376878	8.940028565668278
8.626410086264102	15.899581589958158	6.745063130177471
13.766730401529637	16.27906976744186	4.48386482763475
6.266094420600858	15.661016949152543	6.068102082019799
13.206307490144548	9.174841315637623	8.30642416733651
12.538631346578367	16.707359609347748	8.569342346404087
10.053423992229238	15.726429675425038	7.5137389415782945
10.088616223585548	0.09111617312072894	6.671594137269071
7.709373266777593	20.43369474562135	7.712034600567967
4.280821917808219	13.594994311717862	4.470303958884152
10.209992758870385	16.5625	7.030947694028875
6.896551724137931	23.59625668449198	8.107100353464082
6.373486297004462	20.29197080291971	5.998596245313656
9.965635738831615	17.192097519966374	7.183557642131892
7.807078417765441	19.67849223946785	8.934917444210786
15.955473098330241	19.62750716332378	4.215986793461679
6.120157215047726	15.612903225806452	7.074887192353682
13.330054107230694	16.877942774357116	8.410708965905515
8.59090909090909	18.35597352838732	8.58336252341323
19.207683073229294	18.515037593984964	14.521306404379423
11.818738518064912	16.902738432483474	7.799466721611328
10.917615539182854	14.606741573033707	7.494121285747636
13.361388742766964	15.387755102040817	10.612789517637157
10.091743119266056	15.302491103202847	4.19556690655287
10.574189880613986	16.119005328596803	7.910123947508531
19.893190921228303	20.80471050049068	6.639420876504045
12.361878453038674	16.914230953521802	7.8176282217588104
11.557788944723619	15.939278937381404	3.113495213701187
7.97514241325738	14.874696847210995	7.156693493655498
13.176895306859207	21.506849315068493	4.453907881695196
7.01949860724234	13.157894736842104	7.122345471942907
7.606557377049181	13.12039312039312	6.731741275189655
9.917355371900827	16.359649122807017	6.934960441399648
10.301507537688442	20.16331658291457	5.957289857891923
7.111882046834345	16.882673942701228	8.64350298180528
9.900471451021478	18.32500960430273	7.836632649295664
8.19672131147541	20.9478672985782	7.536659836458783
4.471771939631078	18.654434250764528	8.785832596834624
11.637931034482758	15.611353711790393	8.5072570120866
3.488372093023256	17.54747197437657	6.293227854792715
14.14448669201521	15.01557632398754	7.429814008845237
4.27208627125674	16.749585406301822	5.455166972667641
5.204460966542751	16.156787762906312	6.10986613755057
7.147719537100068	19.8226395409494	6.6779161277807955
15.022421524663676	14.823348694316435	9.217005190214557
4.855842185128983	20.510835913312693	5.353661279386748
9.047237790232186	17.327960322380655	11.075509817171383
9.411421911421911	17.8	11.160414057666827
13.475609756097562	21.90829087540528	9.28371286618615
13.686534216335541	19.264448336252187	5.4212579653263715
4.204892966360856	14.378698224852071	4.428719924926144
3.974503187101612	17.698123774852984	8.14693673342103
11.057418988061398	23.464633629817875	10.453242625603826
11.056751467710372	15.133960897900073	6.429569272969713
6.4453125	19.20773836941502	5.064587604409157
7.988055244494214	18.97003200465522	8.595825599477442
13.580246913580247	16.96165191740413	10.480750643153762
5.379482902418682	18.706842435655997	7.361929167183545
7.112299465240642	18.397745571658618	6.2699228912514
5.600933488914819	16.544336441182306	9.14620864739448
8.205912334352702	17.3861852433281	8.570424358703153
4.509283819628647	26.16731517509728	7.1320663875928
7.136859781696053	18.193465727098015	5.532252072208828
5.336426914153132	18.701417466849566	5.372878176966738
14.933628318584072	16.5098374679213	6.885439202953129
5.303810504634397	21.403508771929825	11.185806388377946
11.200000000000001	15.512957046503374	8.304597311003096
12.248743718592966	16.623376623376622	7.29321648183494
7.5851393188854495	20.8883890919314	8.475896456695684
10.160132523467698	12.745098039215685	7.922452532119299
9.539260220635951	23.42883548983364	6.876199430790278
16.40625	17.275155832591274	6.407240071008628
8.453237410071942	14.07992565055762	6.956918098439241
13.547237076648841	15.578231292517005	6.839623222991866
13.387189844200808	19.71416561580496	8.858067683660936
10.58673469387755	16.270251637366425	9.189027161961164
18.386816999132698	8.542713567839195	8.456681981836082
6.755805770584096	22.444786851566512	6.798160109279213
12.857142857142856	13.10592459605027	6.156652665644499
4.721485411140583	15.174938974776243	5.428933528771381
10.015649452269171	20.419925895430218	6.651362907219645
7.614483493077742	22.670931627349063	7.819213914659021
8.852459016393443	18.54077253218884	6.390799796649267
11.20976692563818	16.49484536082474	5.256122248134677
11.549295774647888	20.268361581920903	7.538378911361039
4.3992431409649955	19.44537253591714	4.654387667439072
7.487131492746841	19.67585089141005	7.440263791302234
10.201305767138194	19.281462585034014	14.801688189709706
4.312227074235809	18.807893677003626	5.815953839545235
6.821052631578947	16.867469879518072	7.551655996026651
17.01298701298701	6.294359357489728	13.832780879933066
7.348938486663037	20.916905444126073	6.4313223260593695
13.343799058084773	22.802850356294538	5.2845253793423685
16.65141811527905	18.32498210450966	7.18141437905365
18.87550200803213	16.314199395770395	2.7678923448862345
9.226190476190476	23.11989686291362	5.166685544451485
7.722884724588303	20.34032449544915	7.946126274925008
6.962025316455696	18.40288201741219	8.65950738228555
4.952947003467063	11.837577426015141	7.206194164541189
20.105820105820104	23.52941176470588	3.2036524294762203
17.330677290836654	16.823821339950374	8.231945907433804
7.323943661971831	18.70967741935484	5.473766296890397
9.003831417624522	16.100443131462335	3.899387706826223
3.5407725321888415	13.88273221841628	9.611133475799575
8.924843423799581	13.397988505747128	7.860871667767197
16.998011928429424	14.715316760224539	10.225774292072385
14.784394250513348	21.020092735703248	5.159649217328284
11.038557213930348	17.85019455252918	11.325307137813255
8.572522005357825	17.430484037075182	8.368578298446574
8.622502628811777	20.65451695081325	10.667809314768503
4.785615491009683	15.11627906976744	9.113624051279167
7.278073883477303	22.3454157782516	12.808902936447527
17.783505154639176	24.75728155339806	5.291643700972055
14.680851063829786	15.201271186440678	8.744875297229072
11.466165413533833	21.116614137775777	8.188592884971435
13.00639658848614	15.17931609674729	5.314044917555677
5.3392658509454956	23.608903020667725	4.957069301620191
12.5129265770424	22.266496652853043	11.30232169268522
8.129370629370628	20.6151832460733	6.2769859759170545
10.011778563015312	18.6046511627907	8.237239945658338
15.54559043348281	16.069364161849713	6.177802275139593
11.804158283031523	19.18081918081918	7.5651359194417855
8.404907975460123	17.119694802098234	10.22152641108581
12.275731822474032	16.233766233766232	6.277588592722903
4.370489174017642	16.069330199764984	7.101030146117721
4.36085718567361	18.64725223109441	11.369866319736337
9.242250287026406	23.434171282488283	7.590074425939587
12.719298245614036	15.135135135135137	7.3559342859292505
13.848920863309353	15.591397849462366	6.563880672284089
12.640877246420956	21.021377672209027	11.801768586248421
8.00438596491228	21.884057971014492	10.245862211287797
6.933652121936642	17.7235401459854	9.197640655977457
13.0835734870317	18.8560157790927	8.93801364274278
4.623708804722085	17.105751391465677	8.291966973998566
3.9215686274509802	17.006802721088434	5.641274716951119
9.826376062061321	19.873903508771928	9.220906749677068
11.038557213930348	17.85019455252918	11.325307137813255
12.577160493827162	18.633912522468542	6.725904778066314
10.426229508196721	13.981042654028435	6.704583427985635
9.095607235142118	19.85843491938655	6.846930323951953
9.6875	18.938193343898575	5.449899049306436
8.382789317507418	22.766415500538212	6.1748423888263835
7.932379713914174	15.737851092287118	11.42451504456102
11.524434719183079	18.20843091334895	9.82098404842757
12.547528517110266	16.728624535315987	6.7047276428887255
11.8800461361015	28.69918699186992	6.076024964715494
14.892623716153128	18.765175164758933	11.06880908784437
9.336099585062241	12.811543506777436	6.86227210176586
12.364563416188656	19.91960696739616	9.106411592170572
10.599078341013826	17.022538552787665	7.00785621425674
5.359001040582726	17.73022544898739	6.232420220847909
18.736287845546293	16.225276567214213	10.668312247655356
6.810035842293908	22.495446265938067	4.245484530081816
9.391487864931412	17.93388429752066	10.306795955600535
7.250755287009064	22.089227421109904	3.062005638499518
6.813186813186813	15.201698513800425	7.181126232329821
4.013961605584642	19.43874058863792	4.590369886183014
9.318423855165069	20.757758968158	7.385793135083714
